// TB CSM 2022-04-27: V20 One touch recording
org.amplio.CSMcompile 8(2021-10-15) from C:\Users\bill\workspace\CSMcompile\..\tbv2\TbFiles\SDCard\system\control_def.txt of 2022-05-05 12:07:25
4
180000
5000
180000
50
1000
0
1
system/audio/
_49G
G!
G2_3!
R!
R2_3!
O!
G3_3G3
R3_3R3
O5o5!
R8_2R8_2R8_20!
_3R3_3R3_3R3_5!
G5g5!
G_3G_3G_9G_3G_9G_3
8
10
11
41
1
1
3
0
0
87
0
stQcTest
49
 0,  0,  0,  0,  0,  0,  0,  0,  0,  0,  0,  0,  0,  0,  0,  0,  0,  0,  0,  0,  0,  0,  0,  0,  0,  0,  0,  0,  0,  0,  0,  0, 56,  0,  0,  0,  0,  0,  0,  0,  0,  0,  0,  0,  0,  0,  0,  0,  0, 
1
playTune
C/
1
stWakeup
49
 1,  1,  1, 13, 14, 21, 19, 20, 15, 25, 23,  2,  1,  1,  1, 22, 16, 17,  1,  1,  1,  1,  1, 11,  1,  1,  1,  1,  1,  1,  1, 44, 24, 24,  3,  8,  4,  7, 10,  6,  1,  1,  1,  1,  1,  1,  1,  5,  9, 
4
LED
_
bgLED
bgPulse
changePkg
_
playSys
10
2
stGoSleep
49
 2,  1,  1,  2,  2,  2,  2,  2,  2,  2,  2,  2,  2,  2,  2,  2,  2,  2,  2,  2,  2,  2,  2,  2,  2,  2,  2,  2,  2,  2,  2,  2,  2,  2,  2,  2,  2,  2,  2,  2,  2, 48,  2,  2,  2,  2,  2,  2,  2, 
3
playTune
H/+
bgLED
R
setTimer
1000
3
stSleepy
49
 3,  1, 47, 47, 47, 47, 47, 47, 47, 47, 47,  2, 47, 47, 47, 47, 47, 47, 47, 47, 47, 47, 47, 11, 47, 47, 47, 47, 47, 47, 47,  3,  3,  3,  3,  8,  4,  7, 10,  6,  3,  2,  3,  3,  3,  3,  3,  5,  9, 
3
bgLED
O_9
saveSt
1
setTimer
5000
4
stOnCharging
49
 4,  1,  4, 36, 37,  4,  4,  4,  4,  4,  4,  2, 39,  4,  4,  4,  4,  4,  4,  4,  4,  4, 40, 11, 38,  4,  4,  4,  4,  4,  4,  4,  4,  4,  3,  8,  4,  7, 10,  6,  4,  4,  4,  4,  4,  4,  4,  5,  9, 
2
bgLED
R_49
goPrevSt
_
5
stOnCharging75
49
 5,  1,  5, 36, 37,  5,  5,  5,  5,  5,  5,  2, 39,  5,  5,  5,  5,  5,  5,  5,  5,  5, 40, 11, 38,  5,  5,  5,  5,  5,  5,  5,  5,  5,  3,  8,  4,  7, 10,  6,  5,  5,  5,  5,  5,  5,  5,  5,  9, 
2
bgLED
G_49
goPrevSt
_
6
stNearCharged
49
 6,  1,  6, 36, 37,  6,  6,  6,  6,  6,  6,  2, 39,  6,  6,  6,  6,  6,  6,  6,  6,  6, 40, 11, 38,  6,  6,  6,  6,  6,  6,  6,  6,  6,  3,  8,  4,  7, 10,  6,  6,  6,  6,  6,  6,  6,  6,  5,  9, 
2
bgLED
G_G_47
goPrevSt
_
7
stOnCharged
49
 7,  1,  7, 36, 37,  7,  7,  7,  7,  7,  7,  2, 39,  7,  7,  7,  7,  7,  7,  7,  7,  7, 40, 11, 38,  7,  7,  7,  7,  7,  7,  7,  7,  7,  3,  8,  4,  7, 10,  6,  7,  7,  7,  7,  7,  7,  7,  5,  9, 
2
bgLED
_
goPrevSt
_
8
stOnLowBatt
49
 8,  1,  8, 36, 37, 21, 19, 20,  8, 25, 23,  2, 39,  8,  8, 22,  8,  8,  8,  8,  8,  8, 40, 11, 38,  8,  8,  8,  8,  8,  8,  8, 24, 24,  3,  8,  4,  7, 10,  6,  8,  8,  8,  8,  8,  8,  8,  5,  9, 
2
bgLED
R_19
goPrevSt
_
9
stNotCharging
49
 9,  1,  9, 36, 37, 21, 19, 20,  9, 25, 23,  2, 39,  9,  9, 22,  9,  9,  9,  9,  9,  9, 40, 11, 38,  9,  9,  9,  9,  9,  9,  9, 24, 24,  3,  8,  4,  7, 10,  6,  9,  9,  9,  9,  9,  9,  9,  5,  9, 
2
bgLED
_
goPrevSt
_
10
stOnBattMin
49
10,  1,  1, 10, 10, 10, 10, 10, 10, 10, 10, 10, 10, 10, 10, 10, 10, 10, 10, 10, 10, 10, 10, 10, 10, 10, 10, 10, 10, 10, 10, 10, 10, 10, 10, 10, 10, 10, 10, 10, 10, 48, 10, 10, 10, 10, 10, 10, 10, 
2
bgLED
R20_30
setTimer
5000
11
stUSBmode
49
11, 11, 11, 11, 11, 11, 11, 11, 11, 11, 11, 11, 11, 11, 11, 11, 11, 11, 11, 11, 11, 11, 11, 12, 11, 11, 11, 11, 11, 11, 11, 11, 11, 11, 11,  8,  4,  7, 10,  6, 11, 11, 11, 11, 11, 11, 11, 11, 11, 
2
bgLED
R2_8G2_8
startUSB
_
12
stCloseUSB
49
12, 12, 12, 12, 12, 12, 12, 12, 12, 12, 12, 12, 12, 12, 12, 12, 12, 12, 12, 12, 12, 12, 12, 12, 12, 12, 12, 12, 12, 12, 12, 12, 12, 12, 12, 12, 12, 12, 12, 12, 12,  1, 12, 12, 12, 12, 12, 12, 12, 
3
endUSB
_
bgLED
G_29
setTimer
1000
13
stPlayLouder
49
13,  1, 13, 13, 14, 13, 13, 13, 15, 13, 13,  2, 13, 13, 13, 13, 16, 17, 13, 13, 13, 13, 13, 11, 13, 13, 13, 13, 13, 13, 13, 13, 13, 13,  3,  8,  4,  7, 10,  6, 13, 13, 13, 13, 13, 13, 13,  5,  9, 
2
volAdj
1
goPrevSt
_
14
stPlaySofter
49
14,  1, 14, 13, 14, 14, 14, 14, 15, 14, 14,  2, 14, 14, 14, 14, 16, 17, 14, 14, 14, 14, 14, 11, 14, 14, 14, 14, 14, 14, 14, 14, 14, 14,  3,  8,  4,  7, 10,  6, 14, 14, 14, 14, 14, 14, 14,  5,  9, 
2
volAdj
-1
goPrevSt
_
15
stPlayPause
49
15,  1, 15, 13, 14, 21, 19, 20, 18, 25, 23,  2, 15, 15, 15, 22, 16, 17, 15, 15, 15, 15, 15, 11, 15, 15, 15, 15, 15, 15, 15, 15, 24, 24,  3,  8,  4,  7, 10,  6, 15,  2, 15, 15, 15, 15, 15,  5,  9, 
3
saveSt
2
setTimer
8000
pausePlay
_
16
stPlayJumpBack
49
16,  1, 16, 13, 14, 21, 19, 20, 15, 25, 23,  2, 16, 16, 16, 22, 16, 17, 16, 16, 16, 16, 16, 11, 16, 16, 16, 16, 16, 16, 16, 16, 24, 24,  3,  8,  4,  7, 10,  6, 16, 16, 16, 16, 16, 16, 16,  5,  9, 
1
posAdj
-7
17
stPlayJumpFwd
49
17,  1, 17, 13, 14, 21, 19, 20, 15, 25, 23,  2, 17, 17, 17, 22, 16, 17, 17, 17, 17, 17, 17, 11, 17, 17, 17, 17, 17, 17, 17, 17, 24, 24,  3,  8,  4,  7, 10,  6, 17, 17, 17, 17, 17, 17, 17,  5,  9, 
1
posAdj
60
18
stPlayResume
49
18,  1, 18, 13, 14, 21, 19, 20, 15, 25, 23,  2, 18, 18, 18, 22, 16, 17, 18, 18, 18, 18, 18, 11, 18, 18, 18, 18, 18, 18, 18, 18, 24, 24,  3,  8,  4,  7, 10,  6, 18, 18, 18, 18, 18, 18, 18,  5,  9, 
2
resumePlay
_
goSavedSt
2
19
stOnPrevSubj
49
19,  1, 19, 13, 14, 21, 19, 20, 15, 25, 23,  2, 19, 19, 19, 22, 16, 17, 19, 19, 19, 19, 19, 11, 19, 19, 19, 19, 19, 19, 19, 49, 24, 24,  3,  8,  4,  7, 10,  6, 19, 19, 19, 19, 19, 19, 19,  5,  9, 
2
subjAdj
-1
playSubj
nm
20
stOnNextSubj
49
20,  1, 20, 13, 14, 21, 19, 20, 15, 25, 23,  2, 20, 20, 20, 22, 16, 17, 20, 20, 20, 20, 20, 11, 20, 20, 20, 20, 20, 20, 20, 49, 24, 24,  3,  8,  4,  7, 10,  6, 20, 20, 20, 20, 20, 20, 20,  5,  9, 
2
subjAdj
1
playSubj
nm
21
stOnNextMsg
49
21,  1, 21, 13, 14, 21, 19, 20, 15, 25, 23,  2, 21, 21, 21, 22, 16, 17, 21, 21, 21, 21, 21, 11, 21, 21, 21, 21, 21, 21, 21, 52, 24, 24,  3,  8,  4,  7, 10,  6, 21, 21, 21, 21, 21, 21, 21,  5,  9, 
2
msgAdj
1
playSubj
msg
22
stOnRepeatMsg
49
22,  1, 22, 13, 14, 21, 19, 20, 15, 25, 23,  2, 22, 22, 22, 22, 16, 17, 22, 22, 22, 22, 22, 11, 22, 22, 22, 22, 22, 22, 22, 53, 24, 24,  3,  8,  4,  7, 10,  6, 22, 22, 22, 22, 22, 22, 22,  5,  9, 
2
msgAdj
1
playSubj
msg
23
stOnPrevMsg
49
23,  1, 23, 13, 14, 21, 19, 20, 15, 25, 23,  2, 23, 23, 23, 22, 16, 17, 23, 23, 23, 23, 23, 11, 23, 23, 23, 23, 23, 23, 23, 52, 24, 24,  3,  8,  4,  7, 10,  6, 23, 23, 23, 23, 23, 23, 23,  5,  9, 
2
msgAdj
-1
playSubj
msg
24
stWait
49
24,  1, 24, 36, 37, 21, 19, 20, 24, 25, 23,  2, 39, 24, 24, 22, 24, 24, 24, 24, 24, 24, 40, 11, 38, 24, 24, 24, 24, 24, 24, 24, 24, 24,  3,  8,  4,  7, 10,  6, 24, 24, 24, 24, 24, 24, 24,  5,  9, 
0
25
stBeginRecording
49
25,  1, 25, 25, 25, 25, 25, 25, 26, 27, 25,  2, 25, 25, 25, 25, 25, 25, 25, 25, 25, 25, 25, 11, 25, 25, 25, 25, 25, 25, 25, 25, 54, 25,  3,  8,  4,  7, 10,  6, 25, 25, 25, 25, 25, 25, 25,  5,  9, 
2
saveSt
2
playSys
1
26
stRecordingPaused
49
26,  1, 26, 26, 26, 26, 26, 26, 28, 26, 26,  2, 26, 26, 26, 26, 26, 26, 26, 26, 26, 26, 26, 11, 26, 26, 26, 26, 26, 26, 26, 26, 26, 26,  3,  8,  4,  7, 10,  6, 26, 26, 26, 26, 26, 26, 26,  5,  9, 
2
saveSt
3
pauseRec
_
27
stRecordingDone
49
27,  1, 27, 27, 27, 27, 27, 27, 27, 27, 27,  2, 27, 27, 27, 27, 27, 27, 27, 27, 27, 27, 27, 11, 27, 27, 27, 27, 27, 27, 27, 27, 55, 27,  3,  8,  4,  7, 10,  6, 27, 27, 27, 27, 27, 27, 27,  5,  9, 
2
finishRec
_
playSys
3
28
stRecordingResumed
49
28,  1, 28, 28, 28, 28, 28, 28, 26, 27, 28,  2, 28, 28, 28, 28, 28, 28, 28, 28, 28, 28, 28, 11, 28, 28, 28, 28, 28, 28, 28, 28, 28, 28,  3,  8,  4,  7, 10,  6, 28, 28, 28, 28, 28, 28, 28,  5,  9, 
2
resumeRec
_
goSavedSt
3
29
stEndRecordingHome
49
29, 29, 29, 29, 29, 29, 29, 29, 29, 29, 29, 29, 29, 29, 29, 29, 29, 29, 29, 29, 29, 29, 29, 29, 29, 29, 29, 29, 29, 29, 29, 29, 29, 29, 29, 29, 29, 29, 29, 29, 29,  1, 29, 29, 29, 29, 29, 29, 29, 
2
saveRec
_
setTimer
100
30
stRecordAnother
49
30,  1, 30, 30, 30, 30, 30, 30, 26, 27, 30,  2, 30, 30, 30, 30, 30, 30, 30, 30, 30, 30, 30, 11, 30, 30, 30, 30, 30, 30, 30, 30, 54, 30,  3,  8,  4,  7, 10,  6, 30, 30, 30, 30, 30, 30, 30,  5,  9, 
1
playSys
1
31
stEndRecording
49
31, 31, 31, 31, 31, 31, 31, 31, 31, 31, 31, 31, 31, 31, 31, 31, 31, 31, 31, 31, 31, 31, 31, 31, 31, 31, 31, 31, 31, 31, 31, 31, 31, 31, 31, 31, 31, 31, 31, 31, 31, 31, 31, 31, 31, 31, 31, 31, 31, 
3
saveRec
_
LED
_
goSavedSt
2
32
stReviewPaused
49
32, 29, 31, 32, 32, 31, 31, 31, 35, 30, 31,  2, 32, 32, 32, 32, 32, 32, 32, 32, 32, 32, 32, 11, 32, 32, 32, 32, 32, 32, 32, 32, 32, 32,  3,  8,  4,  7, 10,  6, 32, 32, 32, 32, 32, 32, 32,  5,  9, 
2
saveSt
3
pausePlay
_
33
stReviewLouder
49
33, 29, 31, 33, 34, 31, 31, 31, 32, 30, 31,  2, 33, 33, 33, 33, 33, 33, 33, 33, 33, 33, 33, 11, 33, 33, 33, 33, 33, 33, 33, 33, 33, 33,  3,  8,  4,  7, 10,  6, 33, 33, 33, 33, 33, 33, 33,  5,  9, 
2
volAdj
1
goPrevSt
_
34
stReviewSofter
49
34, 29, 31, 33, 34, 31, 31, 31, 32, 30, 31,  2, 34, 34, 34, 34, 34, 34, 34, 34, 34, 34, 34, 11, 34, 34, 34, 34, 34, 34, 34, 34, 34, 34,  3,  8,  4,  7, 10,  6, 34, 34, 34, 34, 34, 34, 34,  5,  9, 
2
volAdj
-1
goPrevSt
_
35
stReviewResumed
49
35, 29, 31, 33, 34, 31, 31, 31, 32, 30, 31,  2, 35, 35, 35, 35, 35, 35, 35, 35, 35, 35, 35, 11, 35, 35, 35, 35, 35, 35, 35, 35, 35, 35,  3,  8,  4,  7, 10,  6, 35, 35, 35, 35, 35, 35, 35,  5,  9, 
2
resumePlay
_
goSavedSt
3
36
stIdleLouder
49
36,  1, 36, 13, 14, 36, 36, 36, 15, 36, 36,  2, 36, 36, 36, 36, 16, 17, 36, 36, 36, 36, 36, 11, 36, 36, 36, 36, 36, 36, 36, 36, 36, 36,  3,  8,  4,  7, 10,  6, 36, 36, 36, 36, 36, 36, 36,  5,  9, 
3
volAdj
1
playSys
0
goPrevSt
_
37
stIdleSofter
49
37,  1, 37, 13, 14, 37, 37, 37, 15, 37, 37,  2, 37, 37, 37, 37, 16, 17, 37, 37, 37, 37, 37, 11, 37, 37, 37, 37, 37, 37, 37, 37, 37, 37,  3,  8,  4,  7, 10,  6, 37, 37, 37, 37, 37, 37, 37,  5,  9, 
3
volAdj
-1
playSys
0
goPrevSt
_
38
stShowBatt
49
38,  1, 38, 36, 37, 38, 38, 38, 38, 38, 38,  2, 39, 38, 38, 38, 38, 38, 38, 38, 38, 38, 40, 11, 38, 38, 38, 38, 38, 38, 38, 38, 38, 38,  3,  8,  4,  7, 10,  6, 38, 38, 38, 38, 38, 38, 38,  5,  9, 
2
showCharge
_
goPrevSt
_
39
stChgPkg
49
39,  1, 39, 36, 37, 21, 19, 20, 39, 25, 23,  2, 39, 39, 39, 22, 39, 39, 39, 39, 39, 39, 40, 11, 38, 39, 39, 39, 39, 39, 39, 39, 24, 24,  3,  8,  4,  7, 10,  6, 39, 39, 39, 39, 39, 39, 39,  5,  9, 
1
changePkg
_
40
stNxtPkg
49
40,  1, 40, 36, 37, 40, 40, 40, 40, 40, 40,  2, 39, 40, 40, 40, 40, 40, 40, 40, 40, 40, 40, 11, 38, 40, 40, 40, 40, 40, 40, 40, 40, 40,  3,  8,  4,  7, 10,  6, 40, 40, 40, 40, 40, 40, 40,  5,  9, 
1
playNxtPkg
_
41
stQcUSB
49
41, 42, 41, 41, 41, 41, 41, 41, 43, 41,  0, 41, 41, 41, 41, 41, 41, 41, 41, 41, 41, 41, 41, 41, 41, 41, 41, 41, 41, 41, 41, 41, 41, 41, 41, 41, 41, 41, 41, 41, 41, 41, 41, 41, 41, 41, 41, 41, 41, 
2
bgLED
O2_8
startUSB
_
42
stQcReboot
49
42, 42, 42, 42, 42, 42, 42, 42, 42, 42, 42, 42, 42, 42, 42, 42, 42, 42, 42, 42, 42, 42, 42, 42, 42, 42, 42, 42, 42, 42, 42, 42, 42, 42, 42, 42, 42, 42, 42, 42, 42, 42, 42, 42, 42, 42, 42, 42, 42, 
1
sysBoot
_
43
stQcSysTest
49
43, 42, 43, 43, 43, 43, 43, 43, 43, 41,  0, 43, 43, 43, 43, 43, 43, 43, 43, 43, 43, 43, 43, 43, 43, 43, 43, 43, 43, 43, 43, 43, 43, 43, 43, 43, 43, 43, 43, 43, 43, 43, 43, 43, 43, 43, 43, 43, 43, 
1
playTune
CG/.FDEH.G/
44
stWelcoming
49
44,  1, 44, 13, 14, 21, 19, 20, 15, 25, 23,  2, 44, 44, 44, 22, 16, 17, 44, 44, 44, 44, 44, 11, 44, 44, 44, 44, 44, 44, 44, 44, 45, 24,  3,  8,  4,  7, 10,  6, 44, 44, 44, 44, 44, 44, 44,  5,  9, 
0
45
stPromptSubj
49
45,  1, 45, 13, 14, 21, 19, 20, 15, 25, 23,  2, 45, 45, 45, 22, 16, 17, 45, 45, 45, 45, 45, 11, 45, 45, 45, 45, 45, 45, 45, 46, 24, 24,  3,  8,  4,  7, 10,  6, 45, 45, 45, 45, 45, 45, 45,  5,  9, 
1
playSys
11
46
stPromptingSub
49
46,  1, 46, 13, 14, 21, 19, 20, 15, 25, 23,  2, 46, 46, 46, 22, 16, 17, 46, 46, 46, 46, 46, 11, 46, 46, 46, 46, 46, 46, 46, 46, 24, 24,  3,  8,  4,  7, 10,  6, 46, 46, 46, 46, 46, 46, 46,  5,  9, 
0
47
stUnSleepy
49
47,  1, 47, 47, 47, 47, 47, 47, 47, 47, 47,  2, 47, 47, 47, 47, 47, 47, 47, 47, 47, 47, 47, 11, 47, 47, 47, 47, 47, 47, 47, 47, 47, 47,  3,  8,  4,  7, 10,  6, 47, 47, 47, 47, 47, 47, 47,  5,  9, 
2
bgLED
bgPulse
goSavedSt
1
48
stFallAsleep
49
48,  1,  1, 48, 48, 48, 48, 48, 48, 48, 48, 48, 48, 48, 48, 48, 48, 48, 48, 48, 48, 48, 48, 48, 48, 48, 48, 48, 48, 48, 48, 48, 48, 48, 48, 48, 48, 48, 48, 48, 48, 48, 48, 48, 48, 48, 48, 48, 48, 
1
powerDown
_
49
stAnnouncing
49
49,  1, 49, 13, 14, 21, 19, 20, 15, 25, 23,  2, 49, 49, 49, 22, 16, 17, 49, 49, 49, 49, 49, 11, 49, 49, 49, 49, 49, 49, 49, 49, 50, 24,  3,  8,  4,  7, 10,  6, 49, 49, 49, 49, 49, 49, 49,  5,  9, 
0
50
stInvitation
49
50,  1, 50, 13, 14, 21, 19, 20, 15, 25, 23,  2, 50, 50, 50, 22, 16, 17, 50, 50, 50, 50, 50, 11, 50, 50, 50, 50, 50, 50, 50, 50, 51, 24,  3,  8,  4,  7, 10,  6, 50, 50, 50, 50, 50, 50, 50,  5,  9, 
1
playSubj
pr
51
stPromptNextSubj
49
51,  1, 51, 13, 14, 21, 19, 20, 15, 25, 23,  2, 51, 51, 51, 22, 16, 17, 51, 51, 51, 51, 51, 11, 51, 51, 51, 51, 51, 51, 51, 51, 24, 24,  3,  8,  4,  7, 10,  6, 51, 51, 51, 51, 51, 51, 51,  5,  9, 
1
playSys
41
52
stPlaying
49
52,  1, 52, 13, 14, 21, 19, 20, 15, 25, 23,  2, 52, 52, 52, 22, 16, 17, 52, 52, 52, 52, 52, 11, 52, 52, 52, 52, 52, 52, 52, 52, 24, 24,  3,  8,  4,  7, 10,  6, 52, 52, 52, 52, 52, 52, 52,  5,  9, 
0
53
stRepeating
49
53,  1, 53, 13, 14, 21, 19, 20, 15, 25, 23,  2, 53, 53, 53, 22, 16, 17, 53, 53, 53, 53, 53, 11, 53, 53, 53, 53, 53, 53, 53, 53, 22, 24,  3,  8,  4,  7, 10,  6, 53, 53, 53, 53, 53, 53, 53,  5,  9, 
1
showCharge
_
54
stRecording
49
54,  1, 54, 54, 54, 54, 54, 54, 26, 27, 54,  2, 54, 54, 54, 54, 54, 54, 54, 54, 54, 54, 54, 11, 54, 54, 54, 54, 54, 54, 54, 54, 54, 54,  3,  8,  4,  7, 10,  6, 54, 27, 54, 54, 54, 54, 54,  5,  9, 
2
setTimer
1800000
startRec
_
55
stReviewing
49
55, 29, 31, 33, 34, 31, 31, 31, 32, 30, 31,  2, 55, 55, 55, 55, 55, 55, 55, 55, 55, 55, 55, 11, 55, 55, 55, 55, 55, 55, 55, 55, 31, 55,  3,  8,  4,  7, 10,  6, 55, 55, 55, 55, 55, 55, 55,  5,  9, 
1
playRec
_
56
stQc1
49
56, 59, 59, 59, 59, 59, 59, 59, 59, 59, 59, 59, 59, 59, 59, 59, 59, 59, 59, 59, 59, 59, 59, 59, 59, 59, 59, 59, 59, 59, 59, 56, 56, 56, 56, 56, 56, 56, 56, 56, 56, 56, 56, 56, 56, 57, 58, 56, 56, 
2
filesTest
_
bgLED
G3_3
57
stQc2
49
57, 59, 59, 60, 59, 59, 59, 59, 59, 59, 61, 59, 59, 60, 59, 59, 59, 59, 59, 59, 61, 59, 59, 59, 59, 59, 59, 59, 59, 59, 59, 57, 57, 57, 57, 57, 57, 57, 57, 57, 57, 57, 57, 57, 57, 57, 57, 57, 57, 
2
bgLED
G3_3
playTune
C/C/
58
stQcErrFiles
49
58, 42, 58, 58, 58, 58, 58, 58, 43, 41,  0, 58, 58, 58, 58, 58, 58, 58, 58, 58, 58, 58, 58, 58, 58, 58, 58, 58, 58, 58, 58, 58, 58, 58, 58, 58, 58, 58, 58, 58, 58, 58, 58, 58, 58, 58, 58, 58, 58, 
3
writeMsg
filesTest
bgLED
R9_6
playTune
H.*_H.*_H.*_H.*_
59
stQcBeep
49
59, 59, 59, 59, 59, 59, 59, 59, 59, 59, 59, 59, 59, 59, 59, 59, 59, 59, 59, 59, 59, 59, 59, 59, 59, 59, 59, 59, 59, 59, 59, 59, 59, 59, 59, 59, 59, 59, 59, 59, 59, 59, 59, 59, 59, 59, 59, 59, 59, 
2
playTune
H_H
goPrevSt
_
60
stQc3
49
60, 62, 59, 59, 59, 59, 59, 59, 59, 59, 63, 62, 59, 59, 59, 59, 59, 59, 59, 59, 63, 59, 59, 59, 59, 59, 59, 59, 59, 59, 59, 60, 60, 60, 60, 60, 60, 60, 60, 60, 60, 60, 60, 60, 60, 60, 60, 60, 60, 
2
bgLED
R3_3
playTune
D/
61
stQcErrGrn
49
61, 42, 61, 61, 61, 61, 61, 61, 43, 41,  0, 61, 61, 61, 61, 61, 61, 61, 61, 61, 61, 61, 61, 61, 61, 61, 61, 61, 61, 61, 61, 61, 61, 61, 61, 61, 61, 61, 61, 61, 61, 61, 61, 61, 61, 61, 61, 61, 61, 
3
writeMsg
no_Green
bgLED
R9_6
playTune
H.*_H.*_H.*_H.*_
62
stQc4
49
62, 59, 59, 59, 64, 59, 59, 59, 59, 66, 65, 59, 59, 59, 64, 59, 59, 59, 59, 66, 65, 59, 59, 59, 59, 59, 59, 59, 59, 59, 59, 62, 62, 62, 62, 62, 62, 62, 62, 62, 62, 62, 62, 62, 62, 62, 62, 62, 62, 
3
bgLED
_
LED
G3
playTune
E/
63
stQcErrRed
49
63, 42, 63, 63, 63, 63, 63, 63, 43, 41,  0, 63, 63, 63, 63, 63, 63, 63, 63, 63, 63, 63, 63, 63, 63, 63, 63, 63, 63, 63, 63, 63, 63, 63, 63, 63, 63, 63, 63, 63, 63, 63, 63, 63, 63, 63, 63, 63, 63, 
3
writeMsg
no_Red
bgLED
R9_6
playTune
H.*_H.*_H.*_H.*_
64
stQc5
49
64, 67, 67, 67, 67, 67, 67, 67, 67, 67, 67, 67, 67, 67, 67, 67, 67, 67, 67, 67, 67, 67, 67, 67, 67, 67, 67, 67, 67, 67, 67, 64, 64, 64, 64, 64, 64, 64, 64, 64, 64, 67, 64, 64, 64, 64, 64, 64, 64, 
2
startRec
_
setTimer
4000
65
stQcErrNoMi
49
65, 42, 65, 65, 65, 65, 65, 65, 43, 41,  0, 65, 65, 65, 65, 65, 65, 65, 65, 65, 65, 65, 65, 65, 65, 65, 65, 65, 65, 65, 65, 65, 65, 65, 65, 65, 65, 65, 65, 65, 65, 65, 65, 65, 65, 65, 65, 65, 65, 
3
writeMsg
no_Minus
bgLED
R9_6
playTune
H.*_H.*_H.*_H.*_
66
stQcSkip
49
66, 66, 66, 66, 66, 66, 66, 66, 66, 66, 66, 66, 66, 66, 66, 66, 66, 66, 66, 66, 66, 66, 66, 66, 66, 66, 66, 66, 66, 66, 66, 66, 86, 66, 66, 66, 66, 66, 66, 66, 66, 66, 66, 66, 66, 66, 66, 66, 66, 
1
playTune
G/C
67
stQc6
49
67, 67, 67, 67, 67, 67, 67, 67, 67, 67, 67, 67, 67, 67, 67, 67, 67, 67, 67, 67, 67, 67, 67, 67, 67, 67, 67, 67, 67, 67, 67, 67, 68, 67, 67, 67, 67, 67, 67, 67, 67, 67, 67, 67, 67, 67, 67, 67, 67, 
2
finishRec
_
playTune
F/
68
stQc6b
49
68, 68, 68, 68, 68, 69, 68, 68, 68, 68, 70, 68, 68, 68, 68, 69, 68, 68, 68, 68, 70, 68, 68, 68, 68, 68, 68, 68, 68, 68, 68, 68, 68, 68, 68, 68, 68, 68, 68, 68, 68, 68, 68, 68, 68, 68, 68, 68, 68, 
0
69
stQc7
49
69, 69, 69, 69, 69, 69, 69, 69, 69, 69, 69, 69, 69, 69, 69, 69, 69, 69, 69, 69, 69, 69, 69, 69, 69, 69, 69, 69, 69, 69, 69, 69, 71, 69, 69, 69, 69, 69, 69, 69, 69, 69, 69, 69, 69, 69, 69, 69, 69, 
2
LED
G!
playRec
_
70
stQcErrNoTr
49
70, 42, 70, 70, 70, 70, 70, 70, 43, 41,  0, 70, 70, 70, 70, 70, 70, 70, 70, 70, 70, 70, 70, 70, 70, 70, 70, 70, 70, 70, 70, 70, 70, 70, 70, 70, 70, 70, 70, 70, 70, 70, 70, 70, 70, 70, 70, 70, 70, 
3
writeMsg
no_Tree
bgLED
R9_6
playTune
H.*_H.*_H.*_H.*_
71
stQc7b
49
71, 71, 71, 71, 71, 71, 71, 71, 71, 71, 71, 71, 71, 71, 71, 71, 71, 71, 71, 71, 71, 71, 71, 71, 71, 71, 71, 71, 71, 71, 71, 71, 72, 71, 71, 71, 71, 71, 71, 71, 71, 71, 71, 71, 71, 71, 71, 71, 71, 
2
LED
_
playTune
G/
72
stQc8
49
72, 59, 73, 59, 59, 59, 59, 59, 59, 59, 74, 59, 73, 59, 59, 59, 59, 59, 59, 59, 74, 59, 59, 59, 59, 59, 59, 59, 59, 59, 59, 72, 72, 72, 72, 72, 72, 72, 72, 72, 72, 72, 72, 72, 72, 72, 72, 72, 72, 
0
73
stQc9
49
73, 59, 59, 59, 59, 59, 75, 59, 59, 59, 76, 59, 59, 59, 59, 59, 75, 59, 59, 59, 76, 59, 59, 59, 59, 59, 59, 59, 59, 59, 59, 73, 73, 73, 73, 73, 73, 73, 73, 73, 73, 73, 73, 73, 73, 73, 73, 73, 73, 
2
LED
G3
playTune
A/A/
74
stQcErrPlay
49
74, 42, 74, 74, 74, 74, 74, 74, 43, 41,  0, 74, 74, 74, 74, 74, 74, 74, 74, 74, 74, 74, 74, 74, 74, 74, 74, 74, 74, 74, 74, 74, 74, 74, 74, 74, 74, 74, 74, 74, 74, 74, 74, 74, 74, 74, 74, 74, 74, 
3
writeMsg
rec_Play
bgLED
R9_6
playTune
H.*_H.*_H.*_H.*_
75
stQc10
49
75, 59, 59, 59, 59, 59, 59, 59, 77, 59, 78, 59, 59, 59, 59, 59, 59, 59, 77, 59, 78, 59, 59, 59, 59, 59, 59, 59, 59, 59, 59, 75, 75, 75, 75, 75, 75, 75, 75, 75, 75, 75, 75, 75, 75, 75, 75, 75, 75, 
2
LED
G3
playTune
G/
76
stQcErrNoLh
49
76, 42, 76, 76, 76, 76, 76, 76, 43, 41,  0, 76, 76, 76, 76, 76, 76, 76, 76, 76, 76, 76, 76, 76, 76, 76, 76, 76, 76, 76, 76, 76, 76, 76, 76, 76, 76, 76, 76, 76, 76, 76, 76, 76, 76, 76, 76, 76, 76, 
3
writeMsg
no_Lhand
bgLED
R9_6
playTune
H.*_H.*_H.*_H.*_
77
stQc11
49
77, 59, 59, 59, 59, 59, 59, 79, 59, 59, 80, 59, 59, 59, 59, 59, 59, 79, 59, 59, 80, 59, 59, 59, 59, 59, 59, 59, 59, 59, 59, 77, 77, 77, 77, 77, 77, 77, 77, 77, 77, 77, 77, 77, 77, 77, 77, 77, 77, 
2
LED
G3
playTune
F/
78
stQcErrNoPo
49
78, 42, 78, 78, 78, 78, 78, 78, 43, 41,  0, 78, 78, 78, 78, 78, 78, 78, 78, 78, 78, 78, 78, 78, 78, 78, 78, 78, 78, 78, 78, 78, 78, 78, 78, 78, 78, 78, 78, 78, 78, 78, 78, 78, 78, 78, 78, 78, 78, 
3
writeMsg
no_Pot
bgLED
R9_6
playTune
H.*_H.*_H.*_H.*_
79
stQc12
49
79, 59, 59, 59, 59, 59, 59, 59, 59, 81, 82, 59, 59, 59, 59, 59, 59, 59, 59, 81, 82, 59, 59, 59, 59, 59, 59, 59, 59, 59, 59, 79, 79, 79, 79, 79, 79, 79, 79, 79, 79, 79, 79, 79, 79, 79, 79, 79, 79, 
2
LED
G3
playTune
E/
80
stQcErrNoRh
49
80, 42, 80, 80, 80, 80, 80, 80, 43, 41,  0, 80, 80, 80, 80, 80, 80, 80, 80, 80, 80, 80, 80, 80, 80, 80, 80, 80, 80, 80, 80, 80, 80, 80, 80, 80, 80, 80, 80, 80, 80, 80, 80, 80, 80, 80, 80, 80, 80, 
3
writeMsg
no_Rhand
bgLED
R9_6
playTune
H.*_H.*_H.*_H.*_
81
stQc13
49
81, 59, 59, 59, 59, 59, 59, 59, 59, 84, 83, 59, 59, 59, 59, 59, 59, 59, 59, 84, 83, 59, 59, 59, 59, 59, 59, 59, 59, 59, 59, 81, 81, 81, 81, 81, 81, 81, 81, 81, 81, 81, 81, 81, 81, 81, 81, 81, 81, 
2
LED
G3
playTune
D/
82
stQcErrNoSt
49
82, 42, 82, 82, 82, 82, 82, 82, 43, 41,  0, 82, 82, 82, 82, 82, 82, 82, 82, 82, 82, 82, 82, 82, 82, 82, 82, 82, 82, 82, 82, 82, 82, 82, 82, 82, 82, 82, 82, 82, 82, 82, 82, 82, 82, 82, 82, 82, 82, 
3
writeMsg
no_Star
bgLED
R9_6
playTune
H.*_H.*_H.*_H.*_
83
stQc14
49
83, 83, 83, 83, 83, 83, 83, 83, 83, 83, 83, 83, 83, 83, 83, 83, 83, 83, 83, 83, 83, 83, 83, 83, 83, 83, 83, 83, 83, 83, 83, 83, 85, 83, 83, 83, 83, 83, 83, 83, 83, 83, 83, 83, 83, 83, 83, 83, 83, 
1
playTune
C/C*
84
stQcErrNoTa
49
84, 42, 84, 84, 84, 84, 84, 84, 43, 41,  0, 84, 84, 84, 84, 84, 84, 84, 84, 84, 84, 84, 84, 84, 84, 84, 84, 84, 84, 84, 84, 84, 84, 84, 84, 84, 84, 84, 84, 84, 84, 84, 84, 84, 84, 84, 84, 84, 84, 
3
writeMsg
no_Table
bgLED
R9_6
playTune
H.*_H.*_H.*_H.*_
85
stQc15
49
85, 42, 85, 85, 85, 85, 85, 85, 43, 41,  0, 85, 85, 85, 85, 85, 85, 85, 85, 85, 85, 85, 85, 85, 85, 85, 85, 85, 85, 85, 85, 85, 85, 85, 85, 85, 85, 85, 85, 85, 85, 85, 85, 85, 85, 85, 85, 85, 85, 
2
writeMsg
QC_OK
bgLED
G2_8
86
stQcSkip2
49
86, 42, 86, 86, 86, 86, 86, 86, 43, 41,  0, 86, 86, 86, 86, 86, 86, 86, 86, 86, 86, 86, 86, 86, 86, 86, 86, 86, 86, 86, 86, 86, 86, 86, 86, 86, 86, 86, 86, 86, 86, 86, 86, 86, 86, 86, 86, 86, 86, 
2
writeMsg
QC_OK_short
bgLED
G2_8
